%starting point



x = [-0.1263;-0.5135;-0.0818;-0.6038;-0.1821;
   -0.4246;
   -0.1671;
   -0.4466;
   -0.2857;
   -0.3002;
   -0.5975;
   -0.0846;
         0;
         0;
         0;
         0;
         0;
         0;
         0;
         0;
         0;
         0;
         0;
         0;
         0;
         0;
         0;
         0;
         0;
         0;
    1.0000];


